0 0.5321399610000001 0.946026558 0.5 0.5 0 0 1 0 0 0.0 0 1 -0 0.0 0 0 1 0.0
0 0.5321399610000001 0.946026558 0.5 0.5 0 0 1 0 0 0.0 0 0.9999164298554373 0.01292800468580852 0.0 0 -0.01292800468580852 0.9999164298554373 0.024691358024691353
0 0.5321399610000001 0.946026558 0.5 0.5 0 0 1 0 0 0.0 0 0.9996657333896874 0.02585384858117604 0.0 0 -0.02585384858117604 0.9996657333896874 0.04938271604938271
0 0.5321399610000001 0.946026558 0.5 0.5 0 0 1 0 0 0.0 0 0.99924795250423 0.03877537125681671 0.0 0 -0.03877537125681671 0.99924795250423 0.07407407407407407
0 0.5321399610000001 0.946026558 0.5 0.5 0 0 1 0 0 0.0 0 0.9986631570270832 0.05169041300569455 0.0 0 -0.05169041300569455 0.9986631570270832 0.09876543209876541
0 0.5321399610000001 0.946026558 0.5 0.5 0 0 1 0 0 0.0 0 0.997911444701132 0.06459681520399763 0.0 0 -0.06459681520399763 0.997911444701132 0.1234567901234568
0 0.5321399610000001 0.946026558 0.5 0.5 0 0 1 0 0 0.0 0 0.996992941167792 0.07749242067193093 0.0 0 -0.07749242067193093 0.996992941167792 0.14814814814814814
0 0.5321399610000001 0.946026558 0.5 0.5 0 0 1 0 0 0.0 0 0.9959077999460093 0.0903750740342681 0.0 0 -0.0903750740342681 0.9959077999460093 0.17283950617283947
0 0.5321399610000001 0.946026558 0.5 0.5 0 0 1 0 0 0.0 0 0.9946562024066015 0.1032426220806015 0.0 0 -0.1032426220806015 0.9946562024066015 0.19753086419753085
0 0.5321399610000001 0.946026558 0.5 0.5 0 0 1 0 0 0.0 0 0.993238357741943 0.1160929141252302 0.0 0 -0.1160929141252302 0.993238357741943 0.2222222222222222
0 0.5321399610000001 0.946026558 0.5 0.5 0 0 1 0 0 0.0 0 0.9916545029310012 0.1289238023666266 0.0 0 -0.1289238023666266 0.9916545029310012 0.24691358024691354
0 0.5321399610000001 0.946026558 0.5 0.5 0 0 1 0 0 0.0 0 0.989904902699727 0.1417331422464204 0.0 0 -0.1417331422464204 0.989904902699727 0.2716049382716049
0 0.5321399610000001 0.946026558 0.5 0.5 0 0 1 0 0 0.0 0 0.987989849476809 0.1545187928078405 0.0 0 -0.1545187928078405 0.987989849476809 0.2962962962962963
0 0.5321399610000001 0.946026558 0.5 0.5 0 0 1 0 0 0.0 0 0.9859096633447965 0.1672786170535553 0.0 0 -0.1672786170535553 0.9859096633447965 0.3209876543209877
0 0.5321399610000001 0.946026558 0.5 0.5 0 0 1 0 0 0.0 0 0.9836646919866011 0.1800104823028513 0.0 0 -0.1800104823028513 0.9836646919866011 0.345679012345679
0 0.5321399610000001 0.946026558 0.5 0.5 0 0 1 0 0 0.0 0 0.9812553106273847 0.1927122605480897 0.0 0 -0.1927122605480897 0.9812553106273847 0.3703703703703704
0 0.5321399610000001 0.946026558 0.5 0.5 0 0 1 0 0 0.0 0 0.9786819219718442 0.205381828810382 0.0 0 -0.205381828810382 0.9786819219718442 0.3950617283950617
0 0.5321399610000001 0.946026558 0.5 0.5 0 0 1 0 0 0.0 0 0.9759449561369036 0.2180170694944258 0.0 0 -0.2180170694944258 0.9759449561369036 0.419753086419753
0 0.5321399610000001 0.946026558 0.5 0.5 0 0 1 0 0 0.0 0 0.9730448705798238 0.2306158707424401 0.0 0 -0.2306158707424401 0.9730448705798238 0.4444444444444444
0 0.5321399610000001 0.946026558 0.5 0.5 0 0 1 0 0 0.0 0 0.9699821500217435 0.2431761267871416 0.0 0 -0.2431761267871416 0.9699821500217435 0.46913580246913583
0 0.5321399610000001 0.946026558 0.5 0.5 0 0 1 0 0 0.0 0 0.966757306366662 0.2556957383037036 0.0 0 -0.2556957383037036 0.966757306366662 0.49382716049382713
0 0.5321399610000001 0.946026558 0.5 0.5 0 0 1 0 0 0.0 0 0.9633708786158803 0.2681726127606374 0.0 0 -0.2681726127606374 0.9633708786158803 0.5185185185185185
0 0.5321399610000001 0.946026558 0.5 0.5 0 0 1 0 0 0.0 0 0.9598234327779119 0.2806046647695387 0.0 0 -0.2806046647695387 0.9598234327779119 0.5432098765432098
0 0.5321399610000001 0.946026558 0.5 0.5 0 0 1 0 0 0.0 0 0.9561155617738797 0.2929898164336406 0.0 0 -0.2929898164336406 0.9561155617738797 0.5679012345679012
0 0.5321399610000001 0.946026558 0.5 0.5 0 0 1 0 0 0.0 0 0.9522478853384153 0.3053259976951131 0.0 0 -0.3053259976951131 0.9522478853384153 0.5925925925925926
0 0.5321399610000001 0.946026558 0.5 0.5 0 0 1 0 0 0.0 0 0.9482210499160765 0.3176111466810532 0.0 0 -0.3176111466810532 0.9482210499160765 0.6172839506172839
0 0.5321399610000001 0.946026558 0.5 0.5 0 0 1 0 0 0.0 0 0.9440357285533 0.3298432100481077 0.0 0 -0.3298432100481077 0.9440357285533 0.6419753086419753
0 0.5321399610000001 0.946026558 0.5 0.5 0 0 1 0 0 0.0 0 0.9396926207859084 0.3420201433256687 0.0 0 -0.3420201433256687 0.9396926207859084 0.6666666666666666
0 0.5321399610000001 0.946026558 0.5 0.5 0 0 1 0 0 0.0 0 0.9351924525221897 0.3541399112575875 0.0 0 -0.3541399112575875 0.9351924525221897 0.691358024691358
0 0.5321399610000001 0.946026558 0.5 0.5 0 0 1 0 0 0.0 0 0.9305359759215686 0.366200488142348 0.0 0 -0.366200488142348 0.9305359759215686 0.7160493827160493
0 0.5321399610000001 0.946026558 0.5 0.5 0 0 1 0 0 0.0 0 0.9257239692688904 0.3781998581716424 0.0 0 -0.3781998581716424 0.9257239692688904 0.7407407407407406
0 0.5321399610000001 0.946026558 0.5 0.5 0 0 1 0 0 0.0 0 0.9207572368443384 0.3901360157672948 0.0 0 -0.3901360157672948 0.9207572368443384 0.765432098765432
0 0.5321399610000001 0.946026558 0.5 0.5 0 0 1 0 0 0.0 0 0.9156366087890059 0.4020069659164739 0.0 0 -0.4020069659164739 0.9156366087890059 0.7901234567901233
0 0.5321399610000001 0.946026558 0.5 0.5 0 0 1 0 0 0.0 0 0.9103629409661467 0.4138107245051391 0.0 0 -0.4138107245051391 0.9103629409661467 0.8148148148148148
0 0.5321399610000001 0.946026558 0.5 0.5 0 0 1 0 0 0.0 0 0.9049371148181253 0.4255453186496674 0.0 0 -0.4255453186496674 0.9049371148181253 0.839506172839506
0 0.5321399610000001 0.946026558 0.5 0.5 0 0 1 0 0 0.0 0 0.8993600372190931 0.4372087870266006 0.0 0 -0.4372087870266006 0.8993600372190931 0.8641975308641974
0 0.5321399610000001 0.946026558 0.5 0.5 0 0 1 0 0 0.0 0 0.8936326403234123 0.4487991802004621 0.0 0 -0.4487991802004621 0.8936326403234123 0.8888888888888887
0 0.5321399610000001 0.946026558 0.5 0.5 0 0 1 0 0 0.0 0 0.887755881409856 0.4603145609495856 0.0 0 -0.4603145609495856 0.887755881409856 0.91358024691358
0 0.5321399610000001 0.946026558 0.5 0.5 0 0 1 0 0 0.0 0 0.881730742721608 0.4717530045899035 0.0 0 -0.4717530045899035 0.881730742721608 0.9382716049382713
0 0.5321399610000001 0.946026558 0.5 0.5 0 0 1 0 0 0.0 0 0.8755582313020909 0.4831125992966384 0.0 0 -0.4831125992966384 0.8755582313020909 0.9629629629629627
0 0.5321399610000001 0.946026558 0.5 0.5 0 0 1 0 0 0.0 0 0.8692393788266478 0.4943914464238468 0.0 0 -0.4943914464238468 0.8692393788266478 0.9876543209876539
0 0.5321399610000001 0.946026558 0.5 0.5 0 0 1 0 0 0.0 0 0.8627752414301085 0.5055876608217589 0.0 0 -0.5055876608217589 0.8627752414301085 1.012345679012346
0 0.5321399610000001 0.946026558 0.5 0.5 0 0 1 0 0 0.0 0 0.8561668995302665 0.5166993711518628 0.0 0 -0.5166993711518628 0.8561668995302665 1.0370370370370365
0 0.5321399610000001 0.946026558 0.5 0.5 0 0 1 0 0 0.0 0 0.8494154576472973 0.5277247201996818 0.0 0 -0.5277247201996818 0.8494154576472973 1.0617283950617287
0 0.5321399610000001 0.946026558 0.5 0.5 0 0 1 0 0 0.0 0 0.8425220442191496 0.5386618651851877 0.0 0 -0.5386618651851877 0.8425220442191496 1.08641975308642
0 0.5321399610000001 0.946026558 0.5 0.5 0 0 1 0 0 0.0 0 0.8354878114129365 0.549508978070806 0.0 0 -0.549508978070806 0.8354878114129365 1.1111111111111114
0 0.5321399610000001 0.946026558 0.5 0.5 0 0 1 0 0 0.0 0 0.828313934932363 0.5602642458669524 0.0 0 -0.5602642458669524 0.828313934932363 1.1358024691358026
0 0.5321399610000001 0.946026558 0.5 0.5 0 0 1 0 0 0.0 0 0.8210016138212185 0.5709258709350582 0.0 0 -0.5709258709350582 0.8210016138212185 1.1604938271604939
0 0.5321399610000001 0.946026558 0.5 0.5 0 0 1 0 0 0.0 0 0.8135520702629676 0.5814920712880266 0.0 0 -0.5814920712880266 0.8135520702629676 1.1851851851851853
0 0.5321399610000001 0.946026558 0.5 0.5 0 0 1 0 0 0.0 0 0.8059665493764744 0.5919610808880759 0.0 0 -0.5919610808880759 0.8059665493764744 1.2098765432098768
0 0.5321399610000001 0.946026558 0.5 0.5 0 0 1 0 0 0.0 0 0.798246319007893 0.6023311499419145 0.0 0 -0.6023311499419145 0.798246319007893 1.234567901234568
0 0.5321399610000001 0.946026558 0.5 0.5 0 0 1 0 0 0.0 0 0.7903926695187593 0.6126005451932028 0.0 0 -0.6126005451932028 0.7903926695187593 1.2592592592592593
0 0.5321399610000001 0.946026558 0.5 0.5 0 0 1 0 0 0.0 0 0.7824069135703198 0.6227675502122491 0.0 0 -0.6227675502122491 0.7824069135703198 1.2839506172839508
0 0.5321399610000001 0.946026558 0.5 0.5 0 0 1 0 0 0.0 0 0.7742903859041323 0.632830465682895 0.0 0 -0.632830465682895 0.7742903859041323 1.308641975308642
0 0.5321399610000001 0.946026558 0.5 0.5 0 0 1 0 0 0.0 0 0.7660444431189781 0.6427876096865393 0.0 0 -0.6427876096865393 0.7660444431189781 1.3333333333333333
0 0.5321399610000001 0.946026558 0.5 0.5 0 0 1 0 0 0.0 0 0.7576704634441179 0.6526373179832544 0.0 0 -0.6526373179832544 0.7576704634441179 1.3580246913580247
0 0.5321399610000001 0.946026558 0.5 0.5 0 0 1 0 0 0.0 0 0.749169846508936 0.6623779442899478 0.0 0 -0.6623779442899478 0.749169846508936 1.382716049382716
0 0.5321399610000001 0.946026558 0.5 0.5 0 0 1 0 0 0.0 0 0.7405440131090046 0.6720078605555224 0.0 0 -0.6720078605555224 0.7405440131090046 1.4074074074074074
0 0.5321399610000001 0.946026558 0.5 0.5 0 0 1 0 0 0.0 0 0.7317944049686121 0.6815254572329892 0.0 0 -0.6815254572329892 0.7317944049686121 1.4320987654320987
0 0.5321399610000001 0.946026558 0.5 0.5 0 0 1 0 0 0.0 0 0.7229224844997929 0.6909291435484877 0.0 0 -0.6909291435484877 0.7229224844997929 1.4567901234567902
0 0.5321399610000001 0.946026558 0.5 0.5 0 0 1 0 0 0.0 0 0.7139297345578991 0.7002173477671684 0.0 0 -0.7002173477671684 0.7139297345578991 1.4814814814814812
0 0.5321399610000001 0.946026558 0.5 0.5 0 0 1 0 0 0.0 0 0.7048176581937561 0.7093885174558928 0.0 0 -0.7093885174558928 0.7048176581937561 1.5061728395061733
0 0.5321399610000001 0.946026558 0.5 0.5 0 0 1 0 0 0.0 0 0.695587778402442 0.7184411197427074 0.0 0 -0.7184411197427074 0.695587778402442 1.530864197530864
0 0.5321399610000001 0.946026558 0.5 0.5 0 0 1 0 0 0.0 0 0.6862416378687336 0.7273736415730486 0.0 0 -0.7273736415730486 0.6862416378687336 1.5555555555555554
0 0.5321399610000001 0.946026558 0.5 0.5 0 0 1 0 0 0.0 0 0.6767807987092621 0.7361845899626351 0.0 0 -0.7361845899626351 0.6767807987092621 1.5802469135802466
0 0.5321399610000001 0.946026558 0.5 0.5 0 0 1 0 0 0.0 0 0.6672068422114197 0.7448724922470058 0.0 0 -0.7448724922470058 0.6672068422114197 1.604938271604938
0 0.5321399610000001 0.946026558 0.5 0.5 0 0 1 0 0 0.0 0 0.6575213685690637 0.7534358963276606 0.0 0 -0.7534358963276606 0.6575213685690637 1.6296296296296295
0 0.5321399610000001 0.946026558 0.5 0.5 0 0 1 0 0 0.0 0 0.647725996615059 0.761873370914766 0.0 0 -0.761873370914766 0.647725996615059 1.6543209876543206
0 0.5321399610000001 0.946026558 0.5 0.5 0 0 1 0 0 0.0 0 0.6378223635507061 0.7701835057663796 0.0 0 -0.7701835057663796 0.6378223635507061 1.679012345679012
0 0.5321399610000001 0.946026558 0.5 0.5 0 0 1 0 0 0.0 0 0.6278121246720987 0.7783649119241599 0.0 0 -0.7783649119241599 0.6278121246720987 1.7037037037037033
0 0.5321399610000001 0.946026558 0.5 0.5 0 0 1 0 0 0.0 0 0.6176969530934572 0.7864162219455162 0.0 0 -0.7864162219455162 0.6176969530934572 1.7283950617283954
0 0.5321399610000001 0.946026558 0.5 0.5 0 0 1 0 0 0.0 0 0.6074785394674836 0.7943360901321637 0.0 0 -0.7943360901321637 0.6074785394674836 1.7530864197530869
0 0.5321399610000001 0.946026558 0.5 0.5 0 0 1 0 0 0.0 0 0.5971585917027863 0.8021231927550437 0.0 0 -0.8021231927550437 0.5971585917027863 1.777777777777778
0 0.5321399610000001 0.946026558 0.5 0.5 0 0 1 0 0 0.0 0 0.5867388346784178 0.8097762282755726 0.0 0 -0.8097762282755726 0.5867388346784178 1.8024691358024694
0 0.5321399610000001 0.946026558 0.5 0.5 0 0 1 0 0 0.0 0 0.5762210099555805 0.8172939175631805 0.0 0 -0.8172939175631805 0.5762210099555805 1.82716049382716
0 0.5321399610000001 0.946026558 0.5 0.5 0 0 1 0 0 0.0 0 0.5656068754865388 0.8246750041091067 0.0 0 -0.8246750041091067 0.5656068754865388 1.851851851851852
0 0.5321399610000001 0.946026558 0.5 0.5 0 0 1 0 0 0.0 0 0.554898205320797 0.8319182542364115 0.0 0 -0.8319182542364115 0.554898205320797 1.8765432098765433
0 0.5321399610000001 0.946026558 0.5 0.5 0 0 1 0 0 0.0 0 0.5440967893085827 0.8390224573061746 0.0 0 -0.8390224573061746 0.5440967893085827 1.9012345679012348
0 0.5321399610000001 0.946026558 0.5 0.5 0 0 1 0 0 0.0 0 0.5332044328016914 0.845986425919841 0.0 0 -0.845986425919841 0.5332044328016914 1.9259259259259258
0 0.5321399610000001 0.946026558 0.5 0.5 0 0 1 0 0 0.0 0 0.5222229563517384 0.852808996117683 0.0 0 -0.852808996117683 0.5222229563517384 1.9506172839506173
0 0.5321399610000001 0.946026558 0.5 0.5 0 0 1 0 0 0.0 0 0.5111541954058733 0.8594890275733451 0.0 0 -0.8594890275733451 0.5111541954058733 1.9753086419753085