0 0.5321399610000001 0.946026558 0.5 0.5 0 0 1 0 0 0.0 0 1 0 0.0 0 0 1 0.0
0 0.5321399610000001 0.946026558 0.5 0.5 0 0 0.9999164298554373 0 -0.01292800468580852 0.0 0.0001671333051562871 0.9999164298554373 0.01292692429058802 0.0 0.01292692429058802 -0.01292800468580852 0.9998328666948436 0.024691358024691353
0 0.5321399610000001 0.946026558 0.5 0.5 0 0 0.9996657333896874 0 -0.02585384858117604 0.0 0.0006684214864583786 0.9996657333896874 0.02584520650284728 0.0 0.02584520650284728 -0.02585384858117604 0.9993315785135417 0.04938271604938271
0 0.5321399610000001 0.946026558 0.5 0.5 0 0 0.99924795250423 0 -0.03877537125681671 0.0 0.001503529416103967 0.99924795250423 0.03874621033596547 0.0 0.03874621033596547 -0.03877537125681671 0.998496470583896 0.07407407407407407
0 0.5321399610000001 0.946026558 0.5 0.5 0 0 0.9986631570270832 0 -0.05169041300569455 0.0 0.002671898796699277 0.9986631570270832 0.05162131104030072 0.0 0.05162131104030072 -0.05169041300569455 0.9973281012033006 0.09876543209876541
0 0.5321399610000001 0.946026558 0.5 0.5 0 0 0.997911444701132 0 -0.06459681520399763 0.0 0.004172748534499419 0.997911444701132 0.06446190118331332 0.0 0.06446190118331332 -0.06459681520399763 0.9958272514655004 0.1234567901234568
0 0.5321399610000001 0.946026558 0.5 0.5 0 0 0.996992941167792 0 -0.07749242067193093 0.0 0.006005075261595509 0.996992941167792 0.07725939640392022 0.0 0.07725939640392022 -0.07749242067193093 0.9939949247384045 0.14814814814814814
0 0.5321399610000001 0.946026558 0.5 0.5 0 0 0.9959077999460093 0 -0.0903750740342681 0.0 0.008167654006699441 0.9959077999460093 0.09000524115142566 0.0 0.09000524115142566 -0.0903750740342681 0.9918323459933005 0.17283950617283947
0 0.5321399610000001 0.946026558 0.5 0.5 0 0 0.9946562024066015 0 -0.1032426220806015 0.0 0.0106590390140779 0.9946562024066015 0.102690914405191 0.0 0.102690914405191 -0.1032426220806015 0.9893409609859222 0.19753086419753085
0 0.5321399610000001 0.946026558 0.5 0.5 0 0 0.993238357741943 0 -0.1160929141252302 0.0 0.01347756471008808 0.993238357741943 0.1153079353712201 0.0 0.1153079353712201 -0.1160929141252302 0.986522435289912 0.2222222222222222
0 0.5321399610000001 0.946026558 0.5 0.5 0 0 0.9916545029310012 0 -0.1289238023666266 0.0 0.016621346816669 0.9916545029310012 0.1278478691518518 0.0 0.1278478691518518 -0.1289238023666266 0.9833786531833311 0.24691358024691354
0 0.5321399610000001 0.946026558 0.5 0.5 0 0 0.989904902699727 0 -0.1417331422464204 0.0 0.02008828361104404 0.989904902699727 0.1403023323847694 0.0 0.1403023323847694 -0.1417331422464204 0.9799117163889559 0.2716049382716049
0 0.5321399610000001 0.946026558 0.5 0.5 0 0 0.987989849476809 0 -0.1545187928078405 0.0 0.02387605733079233 0.987989849476809 0.1526629988475565 0.0 0.1526629988475565 -0.1545187928078405 0.9761239426692078 0.2962962962962963
0 0.5321399610000001 0.946026558 0.5 0.5 0 0 0.9859096633447965 0 -0.1672786170535553 0.0 0.02798213572335002 0.9859096633447965 0.1649216050240539 0.0 0.1649216050240539 -0.1672786170535553 0.9720178642766499 0.3209876543209877
0 0.5321399610000001 0.946026558 0.5 0.5 0 0 0.9836646919866011 0 -0.1800104823028513 0.0 0.03240377373890515 0.9836646919866011 0.1770699556287938 0.0 0.1770699556287938 -0.1800104823028513 0.9675962262610949 0.345679012345679
0 0.5321399610000001 0.946026558 0.5 0.5 0 0 0.9812553106273847 0 -0.1927122605480897 0.0 0.03713801536555479 0.9812553106273847 0.1890999290858212 0.0 0.1890999290858212 -0.1927122605480897 0.9628619846344452 0.3703703703703704
0 0.5321399610000001 0.946026558 0.5 0.5 0 0 0.9786819219718442 0 -0.205381828810382 0.0 0.04218169560549705 0.9786819219718442 0.2010034829582369 0.0 0.2010034829582369 -0.205381828810382 0.957818304394503 0.3950617283950617
0 0.5321399610000001 0.946026558 0.5 0.5 0 0 0.9759449561369036 0 -0.2180170694944258 0.0 0.04753144259093731 0.9759449561369036 0.2127726593248337 0.0 0.2127726593248337 -0.2180170694944258 0.9524685574090627 0.419753086419753
0 0.5321399610000001 0.946026558 0.5 0.5 0 0 0.9730448705798238 0 -0.2306158707424401 0.0 0.05318367983829386 0.9730448705798238 0.224399590100231 0.0 0.224399590100231 -0.2306158707424401 0.946816320161706 0.4444444444444444
0 0.5321399610000001 0.946026558 0.5 0.5 0 0 0.9699821500217435 0 -0.2431761267871416 0.0 0.05913462863919598 0.9699821500217435 0.2358765022949517 0.0 0.2358765022949517 -0.2431761267871416 0.9408653713608041 0.46913580246913583
0 0.5321399610000001 0.946026558 0.5 0.5 0 0 0.966757306366662 0 -0.2556957383037036 0.0 0.06538031058667607 0.966757306366662 0.2471957232119234 0.0 0.2471957232119234 -0.2556957383037036 0.934619689413324 0.49382716049382713
0 0.5321399610000001 0.946026558 0.5 0.5 0 0 0.9633708786158803 0 -0.2681726127606374 0.0 0.07191655023486676 0.9633708786158803 0.2583496855759315 0.0 0.2583496855759315 -0.2681726127606374 0.9280834497651332 0.5185185185185185
0 0.5321399610000001 0.946026558 0.5 0.5 0 0 0.9598234327779119 0 -0.2806046647695387 0.0 0.07873897789042521 0.9598234327779119 0.2693309325925938 0.0 0.2693309325925938 -0.2806046647695387 0.9212610221095748 0.5432098765432098
0 0.5321399610000001 0.946026558 0.5 0.5 0 0 0.9561155617738797 0 -0.2929898164336406 0.0 0.08584303253381843 0.9561155617738797 0.2801321229334762 0.0 0.2801321229334762 -0.2929898164336406 0.9141569674661816 0.5679012345679012
0 0.5321399610000001 0.946026558 0.5 0.5 0 0 0.9522478853384153 0 -0.3053259976951131 0.0 0.09322396486851621 0.9522478853384153 0.2907460356440133 0.0 0.2907460356440133 -0.3053259976951131 0.9067760351314837 0.5925925925925926
0 0.5321399610000001 0.946026558 0.5 0.5 0 0 0.9482210499160765 0 -0.3176111466810532 0.0 0.1008768404960535 0.9482210499160765 0.3011655749709573 0.0 0.3011655749709573 -0.3176111466810532 0.8991231595039464 0.6172839506172839
0 0.5321399610000001 0.946026558 0.5 0.5 0 0 0.9440357285533 0 -0.3298432100481077 0.0 0.1087965432148401 0.9440357285533 0.3113837751061245 0.0 0.3113837751061245 -0.3298432100481077 0.8912034567851599 0.6419753086419753
0 0.5321399610000001 0.946026558 0.5 0.5 0 0 0.9396926207859084 0 -0.3420201433256687 0.0 0.1169777784405109 0.9396926207859084 0.3213938048432696 0.0 0.3213938048432696 -0.3420201433256687 0.8830222215594891 0.6666666666666666
0 0.5321399610000001 0.946026558 0.5 0.5 0 0 0.9351924525221897 0 -0.3541399112575875 0.0 0.125415076745532 0.9351924525221897 0.3311889721449739 0.0 0.3311889721449739 -0.3541399112575875 0.8745849232544681 0.691358024691358
0 0.5321399610000001 0.946026558 0.5 0.5 0 0 0.9305359759215686 0 -0.366200488142348 0.0 0.1341027975156939 0.9305359759215686 0.3407627286164945 0.0 0.3407627286164945 -0.366200488142348 0.865897202484306 0.7160493827160493
0 0.5321399610000001 0.946026558 0.5 0.5 0 0 0.9257239692688904 0 -0.3781998581716424 0.0 0.1430351327210505 0.9257239692688904 0.3501086738835842 0.0 0.3501086738835842 -0.3781998581716424 0.8569648672789496 0.7407407407407406
0 0.5321399610000001 0.946026558 0.5 0.5 0 0 0.9207572368443384 0 -0.3901360157672948 0.0 0.1522061107987789 0.9207572368443384 0.3592205598713537 0.0 0.3592205598713537 -0.3901360157672948 0.8477938892012211 0.765432098765432
0 0.5321399610000001 0.946026558 0.5 0.5 0 0 0.9156366087890059 0 -0.4020069659164739 0.0 0.161609600645369 0.9156366087890059 0.3680922949813176 0.0 0.3680922949813176 -0.4020069659164739 0.838390399354631 0.7901234567901233
0 0.5321399610000001 0.946026558 0.5 0.5 0 0 0.9103629409661467 0 -0.4138107245051391 0.0 0.1712393157154681 0.9103629409661467 0.3767179481638304 0.0 0.3767179481638304 -0.4138107245051391 0.8287606842845319 0.8148148148148148
0 0.5321399610000001 0.946026558 0.5 0.5 0 0 0.9049371148181253 0 -0.4255453186496674 0.0 0.181088818224647 0.9049371148181253 0.3850917528831898 0.0 0.3850917528831898 -0.4255453186496674 0.8189111817753529 0.839506172839506
0 0.5321399610000001 0.946026558 0.5 0.5 0 0 0.8993600372190931 0 -0.4372087870266006 0.0 0.1911515234532714 0.8993600372190931 0.393208110972758 0.0 0.393208110972758 -0.4372087870266006 0.8088484765467285 0.8641975308641974
0 0.5321399610000001 0.946026558 0.5 0.5 0 0 0.8936326403234123 0 -0.4487991802004621 0.0 0.2014207041486069 0.8936326403234123 0.4010615963775219 0.0 0.4010615963775219 -0.4487991802004621 0.7985792958513931 0.8888888888888887
0 0.5321399610000001 0.946026558 0.5 0.5 0 0 0.887755881409856 0 -0.4603145609495856 0.0 0.2118894950222098 0.887755881409856 0.4086469587815902 0.0 0.4086469587815902 -0.4603145609495856 0.7881105049777902 0.91358024691358
0 0.5321399610000001 0.946026558 0.5 0.5 0 0 0.881730742721608 0 -0.4717530045899035 0.0 0.2225508973396015 0.881730742721608 0.4159591271182058 0.0 0.4159591271182058 -0.4717530045899035 0.7774491026603985 0.9382716049382713
0 0.5321399610000001 0.946026558 0.5 0.5 0 0 0.8755582313020909 0 -0.4831125992966384 0.0 0.2333977835991543 0.8755582313020909 0.4229932129599205 0.0 0.4229932129599205 -0.4831125992966384 0.7666022164008457 0.9629629629629627
0 0.5321399610000001 0.946026558 0.5 0.5 0 0 0.8692393788266478 0 -0.4943914464238468 0.0 0.2444229022970634 0.8692393788266478 0.4297445137866726 0.0 0.4297445137866726 -0.4943914464238468 0.7555770977029366 0.9876543209876539
0 0.5321399610000001 0.946026558 0.5 0.5 0 0 0.8627752414301085 0 -0.5055876608217589 0.0 0.2556188827752179 0.8627752414301085 0.4362085161295768 0.0 0.4362085161295768 -0.5055876608217589 0.7443811172247821 1.012345679012346
0 0.5321399610000001 0.946026558 0.5 0.5 0 0 0.8561668995302665 0 -0.5166993711518628 0.0 0.2669782401487305 0.8561668995302665 0.4423808985883288 0.0 0.4423808985883288 -0.5166993711518628 0.7330217598512694 1.0370370370370365
0 0.5321399610000001 0.946026558 0.5 0.5 0 0 0.8494154576472973 0 -0.5277247201996818 0.0 0.2784933803098324 0.8494154576472973 0.4482575347202046 0.0 0.4482575347202046 -0.5277247201996818 0.7215066196901675 1.0617283950617287
0 0.5321399610000001 0.946026558 0.5 0.5 0 0 0.8425220442191496 0 -0.5386618651851877 0.0 0.2901566050047853 0.8425220442191496 0.4538344957987243 0.0 0.4538344957987243 -0.5386618651851877 0.7098433949952146 1.08641975308642
0 0.5321399610000001 0.946026558 0.5 0.5 0 0 0.8354878114129365 0 -0.549508978070806 0.0 0.3019601169804216 0.8354878114129365 0.459108053440137 0.0 0.459108053440137 -0.549508978070806 0.6980398830195785 1.1111111111111114
0 0.5321399610000001 0.946026558 0.5 0.5 0 0 0.828313934932363 0 -0.5602642458669524 0.0 0.3138960251968649 0.828313934932363 0.4640746820959683 0.0 0.4640746820959683 -0.5602642458669524 0.686103974803135 1.1358024691358026
0 0.5321399610000001 0.946026558 0.5 0.5 0 0 0.8210016138212185 0 -0.5709258709350582 0.0 0.3259563501029547 0.8210016138212185 0.4687310614099675 0.0 0.4687310614099675 -0.5709258709350582 0.6740436498970452 1.1604938271604939
0 0.5321399610000001 0.946026558 0.5 0.5 0 0 0.8135520702629676 0 -0.5814920712880266 0.0 0.3381330289708394 0.8135520702629676 0.4730740784378752 0.0 0.4730740784378752 -0.5814920712880266 0.6618669710291606 1.1851851851851853
0 0.5321399610000001 0.946026558 0.5 0.5 0 0 0.8059665493764744 0 -0.5919610808880759 0.0 0.3504179212861791 0.8059665493764744 0.4771008297285305 0.0 0.4771008297285305 -0.5919610808880759 0.6495820787138209 1.2098765432098768
0 0.5321399610000001 0.946026558 0.5 0.5 0 0 0.798246319007893 0 -0.6023311499419145 0.0 0.3628028141903491 0.798246319007893 0.4808086232649245 0.0 0.4808086232649245 -0.6023311499419145 0.6371971858096509 1.234567901234568
0 0.5321399610000001 0.946026558 0.5 0.5 0 0 0.7903926695187593 0 -0.6126005451932028 0.0 0.3752794279710093 0.7903926695187593 0.484194980263903 0.0 0.484194980263903 -0.6126005451932028 0.6247205720289907 1.2592592592592593
0 0.5321399610000001 0.946026558 0.5 0.5 0 0 0.7824069135703198 0 -0.6227675502122491 0.0 0.3878394215973662 0.7824069135703198 0.4872576368333149 0.0 0.4872576368333149 -0.6227675502122491 0.6121605784026338 1.2839506172839508
0 0.5321399610000001 0.946026558 0.5 0.5 0 0 0.7742903859041323 0 -0.632830465682895 0.0 0.4004743982964298 0.7742903859041323 0.4899945454855006 0.0 0.4899945454855006 -0.632830465682895 0.5995256017035702 1.308641975308642
0 0.5321399610000001 0.946026558 0.5 0.5 0 0 0.7660444431189781 0 -0.6427876096865393 0.0 0.4131759111665347 0.7660444431189781 0.492403876506104 0.0 0.492403876506104 -0.6427876096865393 0.5868240888334653 1.3333333333333333
0 0.5321399610000001 0.946026558 0.5 0.5 0 0 0.7576704634441179 0 -0.6526373179832544 0.0 0.4259354688243756 0.7576704634441179 0.4944840191772985 0.0 0.4944840191772985 -0.6526373179832544 0.5740645311756244 1.3580246913580247
0 0.5321399610000001 0.946026558 0.5 0.5 0 0 0.749169846508936 0 -0.6623779442899478 0.0 0.4387445410817772 0.749169846508936 0.4962335828546048 0.0 0.4962335828546048 -0.6623779442899478 0.5612554589182228 1.382716049382716
0 0.5321399610000001 0.946026558 0.5 0.5 0 0 0.7405440131090046 0 -0.6720078605555224 0.0 0.4515945646484105 0.7405440131090046 0.497651397896583 0.0 0.497651397896583 -0.6720078605555224 0.5484054353515896 1.4074074074074074
0 0.5321399610000001 0.946026558 0.5 0.5 0 0 0.7317944049686121 0 -0.6815254572329892 0.0 0.464476948856635 0.7317944049686121 0.4987365164467766 0.0 0.4987365164467766 -0.6815254572329892 0.5355230511433651 1.4320987654320987
0 0.5321399610000001 0.946026558 0.5 0.5 0 0 0.7229224844997929 0 -0.6909291435484877 0.0 0.4773830814046467 0.7229224844997929 0.4994882130673868 0.0 0.4994882130673868 -0.6909291435484877 0.5226169185953533 1.4567901234567902
0 0.5321399610000001 0.946026558 0.5 0.5 0 0 0.7139297345578991 0 -0.7002173477671684 0.0 0.4903043341140876 0.7139297345578991 0.4999059852242506 0.0 0.4999059852242506 -0.7002173477671684 0.5096956658859123 1.4814814814814812
0 0.5321399610000001 0.946026558 0.5 0.5 0 0 0.7048176581937561 0 -0.7093885174558928 0.0 0.5032320686982695 0.7048176581937561 0.4999895536228028 0.0 0.4999895536228028 -0.7093885174558928 0.4967679313017304 1.5061728395061733
0 0.5321399610000001 0.946026558 0.5 0.5 0 0 0.695587778402442 0 -0.7184411197427074 0.0 0.5161576425371552 0.695587778402442 0.4997388623947926 0.0 0.4997388623947926 -0.7184411197427074 0.4838423574628448 1.530864197530864
0 0.5321399610000001 0.946026558 0.5 0.5 0 0 0.6862416378687336 0 -0.7273736415730486 0.0 0.5290724144552378 0.6862416378687336 0.4991540791356341 0.0 0.4991540791356341 -0.7273736415730486 0.4709275855447621 1.5555555555555554
0 0.5321399610000001 0.946026558 0.5 0.5 0 0 0.6767807987092621 0 -0.7361845899626351 0.0 0.5419677504984532 0.6767807987092621 0.4982355947923628 0.0 0.4982355947923628 -0.7361845899626351 0.4580322495015468 1.5802469135802466
0 0.5321399610000001 0.946026558 0.5 0.5 0 0 0.6672068422114197 0 -0.7448724922470058 0.0 0.5548350297062657 0.6672068422114197 0.4969840234022749 0.0 0.4969840234022749 -0.7448724922470058 0.4451649702937343 1.604938271604938
0 0.5321399610000001 0.946026558 0.5 0.5 0 0 0.6575213685690637 0 -0.7534358963276606 0.0 0.5676656498750654 0.6575213685690637 0.4954002016824226 0.0 0.4954002016824226 -0.7534358963276606 0.4323343501249345 1.6296296296296295
0 0.5321399610000001 0.946026558 0.5 0.5 0 0 0.647725996615059 0 -0.761873370914766 0.0 0.5804510333090287 0.647725996615059 0.4934851884702414 0.0 0.4934851884702414 -0.761873370914766 0.4195489666909715 1.6543209876543206
0 0.5321399610000001 0.946026558 0.5 0.5 0 0 0.6378223635507061 0 -0.7701835057663796 0.0 0.5931826325545909 0.6378223635507061 0.4912402640156811 0.0 0.4912402640156811 -0.7701835057663796 0.4068173674454091 1.679012345679012
0 0.5321399610000001 0.946026558 0.5 0.5 0 0 0.6278121246720987 0 -0.7783649119241599 0.0 0.6058519361147052 0.6278121246720987 0.4886669291253178 0.0 0.4886669291253178 -0.7783649119241599 0.3941480638852948 1.7037037037037033
0 0.5321399610000001 0.946026558 0.5 0.5 0 0 0.6176969530934572 0 -0.7864162219455162 0.0 0.6184504741390594 0.6176969530934572 0.4857669041590133 0.0 0.4857669041590133 -0.7864162219455162 0.3815495258609407 1.7283950617283954
0 0.5321399610000001 0.946026558 0.5 0.5 0 0 0.6074785394674836 0 -0.7943360901321637 0.0 0.6309698240864529 0.6074785394674836 0.4825421278797982 0.0 0.4825421278797982 -0.7943360901321637 0.3690301759135471 1.7530864197530869
0 0.5321399610000001 0.946026558 0.5 0.5 0 0 0.5971585917027863 0 -0.8021231927550437 0.0 0.643401616355545 0.5971585917027863 0.4789947561577445 0.0 0.4789947561577445 -0.8021231927550437 0.356598383644455 1.777777777777778
0 0.5321399610000001 0.946026558 0.5 0.5 0 0 0.5867388346784178 0 -0.8097762282755726 0.0 0.6557375398802123 0.5867388346784178 0.4751271605286939 0.0 0.4751271605286939 -0.8097762282755726 0.3442624601197877 1.8024691358024694
0 0.5321399610000001 0.946026558 0.5 0.5 0 0 0.5762210099555805 0 -0.8172939175631805 0.0 0.6679693476857709 0.5762210099555805 0.4709419266088088 0.0 0.4709419266088088 -0.8172939175631805 0.3320306523142291 1.82716049382716
0 0.5321399610000001 0.946026558 0.5 0.5 0 0 0.5656068754865388 0 -0.8246750041091067 0.0 0.6800888624023551 0.5656068754865388 0.4664418523660003 0.0 0.4664418523660003 -0.8246750041091067 0.3199111375976449 1.851851851851852
0 0.5321399610000001 0.946026558 0.5 0.5 0 0 0.554898205320797 0 -0.8319182542364115 0.0 0.6920879817317587 0.554898205320797 0.4616299462493953 0.0 0.4616299462493953 -0.8319182542364115 0.3079120182682414 1.8765432098765433
0 0.5321399610000001 0.946026558 0.5 0.5 0 0 0.5440967893085827 0 -0.8390224573061746 0.0 0.7039586838640917 0.5440967893085827 0.4565094251780871 0.0 0.4565094251780871 -0.8390224573061746 0.2960413161359083 1.9012345679012348
0 0.5321399610000001 0.946026558 0.5 0.5 0 0 0.5332044328016914 0 -0.845986425919841 0.0 0.7156930328406266 0.5332044328016914 0.4510837123905189 0.0 0.4510837123905189 -0.845986425919841 0.2843069671593734 1.9259259259259258
0 0.5321399610000001 0.946026558 0.5 0.5 0 0 0.5222229563517384 0 -0.852808996117683 0.0 0.7272831838592503 0.5222229563517384 0.4453564351559346 0.0 0.4453564351559346 -0.852808996117683 0.2727168161407497 1.9506172839506173
0 0.5321399610000001 0.946026558 0.5 0.5 0 0 0.5111541954058733 0 -0.8594890275733451 0.0 0.7387213885189744 0.5111541954058733 0.4393314223494296 0.0 0.4393314223494296 -0.8594890275733451 0.2612786114810257 1.9753086419753085