
0 0.532139961 0.946026558 0.5 0.5 0 0 1.0 0.0 0.0 -0.0 0.0 1.0 0.0 0.0 0.0 0.0 1.0 0.0
0 0.532139961 0.946026558 0.5 0.5 0 0 1.0 0.0 0.0 -0.024691358024691357 0.0 1.0 0.0 0.0 0.0 0.0 1.0 0.0
0 0.532139961 0.946026558 0.5 0.5 0 0 1.0 0.0 0.0 -0.04938271604938271 0.0 1.0 0.0 0.0 0.0 0.0 1.0 0.0
0 0.532139961 0.946026558 0.5 0.5 0 0 1.0 0.0 0.0 -0.07407407407407407 0.0 1.0 0.0 0.0 0.0 0.0 1.0 0.0
0 0.532139961 0.946026558 0.5 0.5 0 0 1.0 0.0 0.0 -0.09876543209876543 0.0 1.0 0.0 0.0 0.0 0.0 1.0 0.0
0 0.532139961 0.946026558 0.5 0.5 0 0 1.0 0.0 0.0 -0.12345679012345678 0.0 1.0 0.0 0.0 0.0 0.0 1.0 0.0
0 0.532139961 0.946026558 0.5 0.5 0 0 1.0 0.0 0.0 -0.14814814814814814 0.0 1.0 0.0 0.0 0.0 0.0 1.0 0.0
0 0.532139961 0.946026558 0.5 0.5 0 0 1.0 0.0 0.0 -0.1728395061728395 0.0 1.0 0.0 0.0 0.0 0.0 1.0 0.0
0 0.532139961 0.946026558 0.5 0.5 0 0 1.0 0.0 0.0 -0.19753086419753085 0.0 1.0 0.0 0.0 0.0 0.0 1.0 0.0
0 0.532139961 0.946026558 0.5 0.5 0 0 1.0 0.0 0.0 -0.2222222222222222 0.0 1.0 0.0 0.0 0.0 0.0 1.0 0.0
0 0.532139961 0.946026558 0.5 0.5 0 0 1.0 0.0 0.0 -0.24691358024691357 0.0 1.0 0.0 0.0 0.0 0.0 1.0 0.0
0 0.532139961 0.946026558 0.5 0.5 0 0 1.0 0.0 0.0 -0.2716049382716049 0.0 1.0 0.0 0.0 0.0 0.0 1.0 0.0
0 0.532139961 0.946026558 0.5 0.5 0 0 1.0 0.0 0.0 -0.2962962962962963 0.0 1.0 0.0 0.0 0.0 0.0 1.0 0.0
0 0.532139961 0.946026558 0.5 0.5 0 0 1.0 0.0 0.0 -0.32098765432098764 0.0 1.0 0.0 0.0 0.0 0.0 1.0 0.0
0 0.532139961 0.946026558 0.5 0.5 0 0 1.0 0.0 0.0 -0.345679012345679 0.0 1.0 0.0 0.0 0.0 0.0 1.0 0.0
0 0.532139961 0.946026558 0.5 0.5 0 0 1.0 0.0 0.0 -0.3703703703703704 0.0 1.0 0.0 0.0 0.0 0.0 1.0 0.0
0 0.532139961 0.946026558 0.5 0.5 0 0 1.0 0.0 0.0 -0.3950617283950617 0.0 1.0 0.0 0.0 0.0 0.0 1.0 0.0
0 0.532139961 0.946026558 0.5 0.5 0 0 1.0 0.0 0.0 -0.419753086419753 0.0 1.0 0.0 0.0 0.0 0.0 1.0 0.0
0 0.532139961 0.946026558 0.5 0.5 0 0 1.0 0.0 0.0 -0.4444444444444444 0.0 1.0 0.0 0.0 0.0 0.0 1.0 0.0
0 0.532139961 0.946026558 0.5 0.5 0 0 1.0 0.0 0.0 -0.46913580246913583 0.0 1.0 0.0 0.0 0.0 0.0 1.0 0.0
0 0.532139961 0.946026558 0.5 0.5 0 0 1.0 0.0 0.0 -0.49382716049382713 0.0 1.0 0.0 0.0 0.0 0.0 1.0 0.0
0 0.532139961 0.946026558 0.5 0.5 0 0 1.0 0.0 0.0 -0.5185185185185185 0.0 1.0 0.0 0.0 0.0 0.0 1.0 0.0
0 0.532139961 0.946026558 0.5 0.5 0 0 1.0 0.0 0.0 -0.5432098765432098 0.0 1.0 0.0 0.0 0.0 0.0 1.0 0.0
0 0.532139961 0.946026558 0.5 0.5 0 0 1.0 0.0 0.0 -0.5679012345679012 0.0 1.0 0.0 0.0 0.0 0.0 1.0 0.0
0 0.532139961 0.946026558 0.5 0.5 0 0 1.0 0.0 0.0 -0.5925925925925926 0.0 1.0 0.0 0.0 0.0 0.0 1.0 0.0
0 0.532139961 0.946026558 0.5 0.5 0 0 1.0 0.0 0.0 -0.6172839506172839 0.0 1.0 0.0 0.0 0.0 0.0 1.0 0.0
0 0.532139961 0.946026558 0.5 0.5 0 0 1.0 0.0 0.0 -0.6419753086419753 0.0 1.0 0.0 0.0 0.0 0.0 1.0 0.0
0 0.532139961 0.946026558 0.5 0.5 0 0 1.0 0.0 0.0 -0.6666666666666666 0.0 1.0 0.0 0.0 0.0 0.0 1.0 0.0
0 0.532139961 0.946026558 0.5 0.5 0 0 1.0 0.0 0.0 -0.691358024691358 0.0 1.0 0.0 0.0 0.0 0.0 1.0 0.0
0 0.532139961 0.946026558 0.5 0.5 0 0 1.0 0.0 0.0 -0.7160493827160493 0.0 1.0 0.0 0.0 0.0 0.0 1.0 0.0
0 0.532139961 0.946026558 0.5 0.5 0 0 1.0 0.0 0.0 -0.7407407407407408 0.0 1.0 0.0 0.0 0.0 0.0 1.0 0.0
0 0.532139961 0.946026558 0.5 0.5 0 0 1.0 0.0 0.0 -0.7654320987654321 0.0 1.0 0.0 0.0 0.0 0.0 1.0 0.0
0 0.532139961 0.946026558 0.5 0.5 0 0 1.0 0.0 0.0 -0.7901234567901234 0.0 1.0 0.0 0.0 0.0 0.0 1.0 0.0
0 0.532139961 0.946026558 0.5 0.5 0 0 1.0 0.0 0.0 -0.8148148148148148 0.0 1.0 0.0 0.0 0.0 0.0 1.0 0.0
0 0.532139961 0.946026558 0.5 0.5 0 0 1.0 0.0 0.0 -0.839506172839506 0.0 1.0 0.0 0.0 0.0 0.0 1.0 0.0
0 0.532139961 0.946026558 0.5 0.5 0 0 1.0 0.0 0.0 -0.8641975308641975 0.0 1.0 0.0 0.0 0.0 0.0 1.0 0.0
0 0.532139961 0.946026558 0.5 0.5 0 0 1.0 0.0 0.0 -0.8888888888888888 0.0 1.0 0.0 0.0 0.0 0.0 1.0 0.0
0 0.532139961 0.946026558 0.5 0.5 0 0 1.0 0.0 0.0 -0.9135802469135802 0.0 1.0 0.0 0.0 0.0 0.0 1.0 0.0
0 0.532139961 0.946026558 0.5 0.5 0 0 1.0 0.0 0.0 -0.9382716049382717 0.0 1.0 0.0 0.0 0.0 0.0 1.0 0.0
0 0.532139961 0.946026558 0.5 0.5 0 0 1.0 0.0 0.0 -0.9629629629629629 0.0 1.0 0.0 0.0 0.0 0.0 1.0 0.0
0 0.532139961 0.946026558 0.5 0.5 0 0 1.0 0.0 0.0 -0.9876543209876543 0.0 1.0 0.0 0.0 0.0 0.0 1.0 0.0
0 0.532139961 0.946026558 0.5 0.5 0 0 1.0 0.0 0.0 -1.0123456790123457 0.0 1.0 0.0 0.0 0.0 0.0 1.0 0.0
0 0.532139961 0.946026558 0.5 0.5 0 0 1.0 0.0 0.0 -1.037037037037037 0.0 1.0 0.0 0.0 0.0 0.0 1.0 0.0
0 0.532139961 0.946026558 0.5 0.5 0 0 1.0 0.0 0.0 -1.0617283950617284 0.0 1.0 0.0 0.0 0.0 0.0 1.0 0.0
0 0.532139961 0.946026558 0.5 0.5 0 0 1.0 0.0 0.0 -1.0864197530864197 0.0 1.0 0.0 0.0 0.0 0.0 1.0 0.0
0 0.532139961 0.946026558 0.5 0.5 0 0 1.0 0.0 0.0 -1.1111111111111112 0.0 1.0 0.0 0.0 0.0 0.0 1.0 0.0
0 0.532139961 0.946026558 0.5 0.5 0 0 1.0 0.0 0.0 -1.1358024691358024 0.0 1.0 0.0 0.0 0.0 0.0 1.0 0.0
0 0.532139961 0.946026558 0.5 0.5 0 0 1.0 0.0 0.0 -1.1604938271604939 0.0 1.0 0.0 0.0 0.0 0.0 1.0 0.0
0 0.532139961 0.946026558 0.5 0.5 0 0 1.0 0.0 0.0 -1.1851851851851851 0.0 1.0 0.0 0.0 0.0 0.0 1.0 0.0
0 0.532139961 0.946026558 0.5 0.5 0 0 1.0 0.0 0.0 -1.2098765432098766 0.0 1.0 0.0 0.0 0.0 0.0 1.0 0.0
0 0.532139961 0.946026558 0.5 0.5 0 0 1.0 0.0 0.0 -1.2345679012345678 0.0 1.0 0.0 0.0 0.0 0.0 1.0 0.0
0 0.532139961 0.946026558 0.5 0.5 0 0 1.0 0.0 0.0 -1.2592592592592593 0.0 1.0 0.0 0.0 0.0 0.0 1.0 0.0
0 0.532139961 0.946026558 0.5 0.5 0 0 1.0 0.0 0.0 -1.2839506172839505 0.0 1.0 0.0 0.0 0.0 0.0 1.0 0.0
0 0.532139961 0.946026558 0.5 0.5 0 0 1.0 0.0 0.0 -1.308641975308642 0.0 1.0 0.0 0.0 0.0 0.0 1.0 0.0
0 0.532139961 0.946026558 0.5 0.5 0 0 1.0 0.0 0.0 -1.3333333333333333 0.0 1.0 0.0 0.0 0.0 0.0 1.0 0.0
0 0.532139961 0.946026558 0.5 0.5 0 0 1.0 0.0 0.0 -1.3580246913580247 0.0 1.0 0.0 0.0 0.0 0.0 1.0 0.0
0 0.532139961 0.946026558 0.5 0.5 0 0 1.0 0.0 0.0 -1.382716049382716 0.0 1.0 0.0 0.0 0.0 0.0 1.0 0.0
0 0.532139961 0.946026558 0.5 0.5 0 0 1.0 0.0 0.0 -1.4074074074074074 0.0 1.0 0.0 0.0 0.0 0.0 1.0 0.0
0 0.532139961 0.946026558 0.5 0.5 0 0 1.0 0.0 0.0 -1.4320987654320987 0.0 1.0 0.0 0.0 0.0 0.0 1.0 0.0
0 0.532139961 0.946026558 0.5 0.5 0 0 1.0 0.0 0.0 -1.4567901234567902 0.0 1.0 0.0 0.0 0.0 0.0 1.0 0.0
0 0.532139961 0.946026558 0.5 0.5 0 0 1.0 0.0 0.0 -1.4814814814814816 0.0 1.0 0.0 0.0 0.0 0.0 1.0 0.0
0 0.532139961 0.946026558 0.5 0.5 0 0 1.0 0.0 0.0 -1.506172839506173 0.0 1.0 0.0 0.0 0.0 0.0 1.0 0.0
0 0.532139961 0.946026558 0.5 0.5 0 0 1.0 0.0 0.0 -1.5308641975308641 0.0 1.0 0.0 0.0 0.0 0.0 1.0 0.0
0 0.532139961 0.946026558 0.5 0.5 0 0 1.0 0.0 0.0 -1.5555555555555556 0.0 1.0 0.0 0.0 0.0 0.0 1.0 0.0
0 0.532139961 0.946026558 0.5 0.5 0 0 1.0 0.0 0.0 -1.5802469135802468 0.0 1.0 0.0 0.0 0.0 0.0 1.0 0.0
0 0.532139961 0.946026558 0.5 0.5 0 0 1.0 0.0 0.0 -1.6049382716049383 0.0 1.0 0.0 0.0 0.0 0.0 1.0 0.0
0 0.532139961 0.946026558 0.5 0.5 0 0 1.0 0.0 0.0 -1.6296296296296295 0.0 1.0 0.0 0.0 0.0 0.0 1.0 0.0
0 0.532139961 0.946026558 0.5 0.5 0 0 1.0 0.0 0.0 -1.654320987654321 0.0 1.0 0.0 0.0 0.0 0.0 1.0 0.0
0 0.532139961 0.946026558 0.5 0.5 0 0 1.0 0.0 0.0 -1.679012345679012 0.0 1.0 0.0 0.0 0.0 0.0 1.0 0.0
0 0.532139961 0.946026558 0.5 0.5 0 0 1.0 0.0 0.0 -1.7037037037037035 0.0 1.0 0.0 0.0 0.0 0.0 1.0 0.0
0 0.532139961 0.946026558 0.5 0.5 0 0 1.0 0.0 0.0 -1.728395061728395 0.0 1.0 0.0 0.0 0.0 0.0 1.0 0.0
0 0.532139961 0.946026558 0.5 0.5 0 0 1.0 0.0 0.0 -1.7530864197530864 0.0 1.0 0.0 0.0 0.0 0.0 1.0 0.0
0 0.532139961 0.946026558 0.5 0.5 0 0 1.0 0.0 0.0 -1.7777777777777777 0.0 1.0 0.0 0.0 0.0 0.0 1.0 0.0
0 0.532139961 0.946026558 0.5 0.5 0 0 1.0 0.0 0.0 -1.8024691358024691 0.0 1.0 0.0 0.0 0.0 0.0 1.0 0.0
0 0.532139961 0.946026558 0.5 0.5 0 0 1.0 0.0 0.0 -1.8271604938271604 0.0 1.0 0.0 0.0 0.0 0.0 1.0 0.0
0 0.532139961 0.946026558 0.5 0.5 0 0 1.0 0.0 0.0 -1.8518518518518519 0.0 1.0 0.0 0.0 0.0 0.0 1.0 0.0
0 0.532139961 0.946026558 0.5 0.5 0 0 1.0 0.0 0.0 -1.8765432098765433 0.0 1.0 0.0 0.0 0.0 0.0 1.0 0.0
0 0.532139961 0.946026558 0.5 0.5 0 0 1.0 0.0 0.0 -1.9012345679012348 0.0 1.0 0.0 0.0 0.0 0.0 1.0 0.0
0 0.532139961 0.946026558 0.5 0.5 0 0 1.0 0.0 0.0 -1.9259259259259258 0.0 1.0 0.0 0.0 0.0 0.0 1.0 0.0
0 0.532139961 0.946026558 0.5 0.5 0 0 1.0 0.0 0.0 -1.9506172839506173 0.0 1.0 0.0 0.0 0.0 0.0 1.0 0.0
0 0.532139961 0.946026558 0.5 0.5 0 0 1.0 0.0 0.0 -1.9753086419753085 0.0 1.0 0.0 0.0 0.0 0.0 1.0 0.0